 //Autores: Carlota Moncasi NIP:839841 y Paula Soriano NIP:843710

000 -> 001(101), 002(102);
001 -> 021(202), 002(112), 000(110);
002 -> 012(201), 001(121), 000(120);
021 -> 022(112), 020(110), 001(220);
012 -> 011(121), 010(120), 002(210);
022 -> 122(301), 020(120), 021(121);
020 -> 010(221), 022(102), 021(101);
010 -> 020(212), 012(102), 011(101);
011 -> 012(112), 010(110), 211(302);
211 -> 011(320), 212(112), 210(110);
122 -> 022(310), 120(120), 121(121);
120 -> 122(102), 121(101), 110(221);
121 -> 122(112), 101(220), 120(110);
210 -> 211(101), 212(102), 220(212);
212 -> 211(121), 210(120), 202(210);
110 -> 120(212), 111(101), 112(101);
101 -> 121(202), 102(112), 100(110);
202 -> 212(201), 201(121), 200(120);
220 -> 210(221), 221(101), 222(102);
111 -> 110(110), 112(112);
112 -> 110(120), 111(121), 102(210);
102 -> 101(121), 100(120), 112(201);
100 -> 101(101), 102(102), 200(312);
201 -> 202(112), 200(110), 221(202);
200 -> 202(102), 100(321), 201(101);
222 -> 220(120), 221(121);
221 -> 220(110), 222(112), 201(220);
